#X	Y	Z	T	L	R	error
0.75	0.20	0.05	1.86	44.8	11.6	1.33
0.75	0.22	0.03	1.95	73.6	10.95	2.79
0.75	0.23	0.02	2.03	112.4	10.55	1.78
0.75	0.232	0.018	2.05	124.6	10.4	2.16
0.75	0.235	0.015	2.09	153.2	10.3	0.72
0.75	0.238	0.012	2.14	197	10.15	1.18
0.75	0.242	0.008	2.22	287.8	9.6	1.87
#variamos X
0.73	0.22	0.05	1.88	51.0	11.7	0.5
0.75	0.22	0.03	1.95	73.6	10.95	2.79
0.76	0.22	0.02	2.02	105.6	10.5	1.99
0.762	0.22	0.018	2.04	117.5	10.4	1.57
0.765	0.22	0.015	2.08	143.8	10.35	1.41
0.768	0.22	0.012	2.12	174	10	1.65
0.772	0.22	0.008	2.12	258.2	9.6	0.67






